<?xml version="1.0"?>
<opencv_storage>
<cam_rgb_0 type_id="opencv-matrix">
  <rows>3</rows>
  <cols>3</cols>
  <dt>f</dt>
  <data>
    6.07325928e+02 0. 5.47927368e+02 0. 6.09424072e+02 3.77493683e+02 0.
    0. 1.</data></cam_rgb_0>
</opencv_storage>
