<?xml version="1.0"?>
<opencv_storage>
<pocketPositions type_id="opencv-matrix">
  <rows>6</rows>
  <cols>4</cols>
  <dt>f</dt>
  <data>
    6.23645477e+01 7.54792938e+01 3.81469727e-05 1. 6.65618057e+01
    -1.85927582e+01 -1.52587891e-05 1. 7.15541916e+01 -1.30485703e+02
    -7.62939453e-05 1. -4.92868843e+01 -1.36108643e+02 -6.86645508e-05
    1. -5.35153313e+01 -3.61999550e+01 -2.28881836e-05 1.
    -5.76262398e+01 7.17875443e+01 3.05175781e-05 1.</data></pocketPositions>
</opencv_storage>
