<?xml version="1.0"?>
<opencv_storage>
<pocketPositions type_id="opencv-matrix">
  <rows>6</rows>
  <cols>4</cols>
  <dt>f</dt>
  <data>
    -4.46938782e+01 1.66874268e+02 9.91821289e-05 1. 7.16317291e+01
    1.55585205e+02 1.22070312e-04 1. -5.19997215e+01 4.08634033e+01
    2.28881836e-05 1. 6.72641907e+01 3.27637100e+01 3.81469727e-05 1.
    -5.54624710e+01 -1.85189476e+01 -1.90734863e-05 1. 6.53273468e+01
    -1.49313126e+01 7.62939453e-06 1.</data></pocketPositions>
</opencv_storage>
