<?xml version="1.0"?>
<opencv_storage>
<distort_rgb_0 type_id="opencv-matrix">
  <rows>5</rows>
  <cols>1</cols>
  <dt>f</dt>
  <data>
    -2.73089975e-01 1.26510099e-01 -5.17794804e-04 -3.42016458e-04
    -4.20772694e-02</data></distort_rgb_0>
</opencv_storage>
