<?xml version="1.0"?>
<opencv_storage>
<extrinsics type_id="opencv-matrix">
  <rows>4</rows>
  <cols>4</cols>
  <dt>f</dt>
  <data>
    9.99475062e-01 -3.07848342e-02 -1.00940214e-02 -7.20360470e+00
    -2.50385348e-02 -5.36283731e-01 -8.43666315e-01 -1.13766823e+01
    2.05588676e-02 8.43476176e-01 -5.36773026e-01 8.65751266e+01 0. 0.
    0. 1.</data></extrinsics>
</opencv_storage>
