<?xml version="1.0"?>
<opencv_storage>
<cam_rgb_0 type_id="opencv-matrix">
  <rows>3</rows>
  <cols>3</cols>
  <dt>f</dt>
  <data>
    8.70285034e+02 0. 6.49430481e+02 0. 8.68068359e+02 4.60071228e+02 0.
    0. 1.</data></cam_rgb_0>
</opencv_storage>
