<?xml version="1.0"?>
<opencv_storage>
<distort_rgb_0 type_id="opencv-matrix">
  <rows>5</rows>
  <cols>1</cols>
  <dt>f</dt>
  <data>
    -4.33808416e-01 2.18698144e-01 2.75363738e-04 -1.57725043e-03
    -5.86862266e-02</data></distort_rgb_0>
</opencv_storage>
