<?xml version="1.0"?>
<opencv_storage>
<extrinsics type_id="opencv-matrix">
  <rows>4</rows>
  <cols>4</cols>
  <dt>f</dt>
  <data>
    9.99399364e-01 2.70690564e-02 2.16382369e-02 4.00820923e+00
    2.86325254e-02 -2.93234199e-01 -9.55611765e-01 1.09348192e+01
    -1.95224378e-02 9.55657363e-01 -2.93833137e-01 4.11281242e+01 0. 0.
    0. 1.</data></extrinsics>
</opencv_storage>
