<?xml version="1.0"?>
<opencv_storage>
<pocketPositions type_id="opencv-matrix">
  <rows>6</rows>
  <cols>4</cols>
  <dt>f</dt>
  <data>
    -3.11930904e+01 -4.97393036e+00 -1.90734863e-06 1. 2.16106377e+01
    -5.78279877e+00 -1.33514404e-05 1. 3.43914032e+01 6.53347321e+01
    8.20159912e-05 1. 3.51435280e+01 1.60068848e+02 2.07901001e-04 1.
    -3.53240738e+01 1.64416046e+02 2.30789185e-04 1. -3.34064255e+01
    6.45402222e+01 9.15527344e-05 1.</data></pocketPositions>
</opencv_storage>
